image_width: 1280
image_height: 720
camera_name: head_camera
camera_matrix:
  rows: 3
  cols: 3
  data: [775.3461988779036, 0, 597.7553659610444, 0, 768.8460034982215, 348.431519990702, 0, 0, 1]
distortion_model: plumb_bob
distortion_coefficients:
  rows: 1
  cols: 5
  data: [0.0434234237275862, -0.005008587794534468, -0.0007679693695635244, -0.005825433688696213, 0]
rectification_matrix:
  rows: 3
  cols: 3
  data: [1, 0, 0, 0, 1, 0, 0, 0, 1]
projection_matrix:
  rows: 3
  cols: 4
  data: [799.1646118164062, 0, 589.9927675426698, 0, 0, 797.14794921875, 347.4378082235344, 0, 0, 0, 1, 0]