image_width: 1280
image_height: 720
camera_name: head_camera
camera_matrix:
  rows: 3
  cols: 3
  data: [667.1142962015145, 0, 623.601721404572, 0, 668.3529478202433, 359.0456328012476, 0, 0, 1]
distortion_model: plumb_bob
distortion_coefficients:
  rows: 1
  cols: 5
  data: [-0.003839057478570318, -0.0003243347367647894, -0.0006888253395728631, -0.004172139837110517, 0]
rectification_matrix:
  rows: 3
  cols: 3
  data: [1, 0, 0, 0, 1, 0, 0, 0, 1]
projection_matrix:
  rows: 3
  cols: 4
  data: [663.6470947265625, 0, 614.9474094635225, 0, 0, 669.42822265625, 357.7894763103395, 0, 0, 0, 1, 0]